[[1,[2,3,4]],[2,[5,6]],[3,[7,8,9]],[4,[10,11]],[5,[12]],[6,[13,14]],[7,[]],[8,[15]],[9,[16,17]],[10,[]],[11,[18]],[12,[19]],[13,[20]],[14,[]],[15,[]],[16,[]],[17,[]],[18,[21]],[19,[]],[20,[]],[21,[]]]
 Start: 1 	 End: 2 
 Node or Path: 1 	 Rest: []
 One Path: 1 Paths Expanded: [[2,1],[3,1],[4,1]] 
 Visiting order: [1,2]
 Size: 2
 Start: 1 	 End: 21 
 Node or Path: 1 	 Rest: []
 One Path: 1 Paths Expanded: [[2,1],[3,1],[4,1]] 
 Node or Path: [2,1] 	 Rest: [[3,1],[4,1]]
 One Path: [2,1] Paths Expanded: [[3,1],[4,1],[5,[2,1]],[6,[2,1]]] 
 Node or Path: [3,1] 	 Rest: [[4,1],[5,[2,1]],[6,[2,1]]]
 One Path: [3,1] Paths Expanded: [[4,1],[5,[2,1]],[6,[2,1]],[7,[3,1]],[8,[3,1]],[9,[3,1]]] 
 Node or Path: [4,1] 	 Rest: [[5,[2,1]],[6,[2,1]],[7,[3,1]],[8,[3,1]],[9,[3,1]]]
 One Path: [4,1] Paths Expanded: [[5,[2,1]],[6,[2,1]],[7,[3,1]],[8,[3,1]],[9,[3,1]],[10,[4,1]],[11,[4,1]]] 
 Node or Path: [5,[2,1]] 	 Rest: [[6,[2,1]],[7,[3,1]],[8,[3,1]],[9,[3,1]],[10,[4,1]],[11,[4,1]]]
 One Path: [5,[2,1]] Paths Expanded: [[6,[2,1]],[7,[3,1]],[8,[3,1]],[9,[3,1]],[10,[4,1]],[11,[4,1]],[12,[5,[2,1]]]] 
 Node or Path: [6,[2,1]] 	 Rest: [[7,[3,1]],[8,[3,1]],[9,[3,1]],[10,[4,1]],[11,[4,1]],[12,[5,[2,1]]]]
 One Path: [6,[2,1]] Paths Expanded: [[7,[3,1]],[8,[3,1]],[9,[3,1]],[10,[4,1]],[11,[4,1]],[12,[5,[2,1]]],[13,[6,[2,1]]],[14,[6,[2,1]]]] 
 Node or Path: [7,[3,1]] 	 Rest: [[8,[3,1]],[9,[3,1]],[10,[4,1]],[11,[4,1]],[12,[5,[2,1]]],[13,[6,[2,1]]],[14,[6,[2,1]]]]
 One Path: [7,[3,1]] Paths Expanded: [[8,[3,1]],[9,[3,1]],[10,[4,1]],[11,[4,1]],[12,[5,[2,1]]],[13,[6,[2,1]]],[14,[6,[2,1]]]] 
 Node or Path: [8,[3,1]] 	 Rest: [[9,[3,1]],[10,[4,1]],[11,[4,1]],[12,[5,[2,1]]],[13,[6,[2,1]]],[14,[6,[2,1]]]]
 One Path: [8,[3,1]] Paths Expanded: [[9,[3,1]],[10,[4,1]],[11,[4,1]],[12,[5,[2,1]]],[13,[6,[2,1]]],[14,[6,[2,1]]],[15,[8,[3,1]]]] 
 Node or Path: [9,[3,1]] 	 Rest: [[10,[4,1]],[11,[4,1]],[12,[5,[2,1]]],[13,[6,[2,1]]],[14,[6,[2,1]]],[15,[8,[3,1]]]]
 One Path: [9,[3,1]] Paths Expanded: [[10,[4,1]],[11,[4,1]],[12,[5,[2,1]]],[13,[6,[2,1]]],[14,[6,[2,1]]],[15,[8,[3,1]]],[16,[9,[3,1]]],[17,[9,[3,1]]]] 
 Node or Path: [10,[4,1]] 	 Rest: [[11,[4,1]],[12,[5,[2,1]]],[13,[6,[2,1]]],[14,[6,[2,1]]],[15,[8,[3,1]]],[16,[9,[3,1]]],[17,[9,[3,1]]]]
 One Path: [10,[4,1]] Paths Expanded: [[11,[4,1]],[12,[5,[2,1]]],[13,[6,[2,1]]],[14,[6,[2,1]]],[15,[8,[3,1]]],[16,[9,[3,1]]],[17,[9,[3,1]]]] 
 Node or Path: [11,[4,1]] 	 Rest: [[12,[5,[2,1]]],[13,[6,[2,1]]],[14,[6,[2,1]]],[15,[8,[3,1]]],[16,[9,[3,1]]],[17,[9,[3,1]]]]
 One Path: [11,[4,1]] Paths Expanded: [[12,[5,[2,1]]],[13,[6,[2,1]]],[14,[6,[2,1]]],[15,[8,[3,1]]],[16,[9,[3,1]]],[17,[9,[3,1]]],[18,[11,[4,1]]]] 
 Node or Path: [12,[5,[2,1]]] 	 Rest: [[13,[6,[2,1]]],[14,[6,[2,1]]],[15,[8,[3,1]]],[16,[9,[3,1]]],[17,[9,[3,1]]],[18,[11,[4,1]]]]
 One Path: [12,[5,[2,1]]] Paths Expanded: [[13,[6,[2,1]]],[14,[6,[2,1]]],[15,[8,[3,1]]],[16,[9,[3,1]]],[17,[9,[3,1]]],[18,[11,[4,1]]],[19,[12,[5,[2,1]]]]] 
 Node or Path: [13,[6,[2,1]]] 	 Rest: [[14,[6,[2,1]]],[15,[8,[3,1]]],[16,[9,[3,1]]],[17,[9,[3,1]]],[18,[11,[4,1]]],[19,[12,[5,[2,1]]]]]
 One Path: [13,[6,[2,1]]] Paths Expanded: [[14,[6,[2,1]]],[15,[8,[3,1]]],[16,[9,[3,1]]],[17,[9,[3,1]]],[18,[11,[4,1]]],[19,[12,[5,[2,1]]]],[20,[13,[6,[2,1]]]]] 
 Node or Path: [14,[6,[2,1]]] 	 Rest: [[15,[8,[3,1]]],[16,[9,[3,1]]],[17,[9,[3,1]]],[18,[11,[4,1]]],[19,[12,[5,[2,1]]]],[20,[13,[6,[2,1]]]]]
 One Path: [14,[6,[2,1]]] Paths Expanded: [[15,[8,[3,1]]],[16,[9,[3,1]]],[17,[9,[3,1]]],[18,[11,[4,1]]],[19,[12,[5,[2,1]]]],[20,[13,[6,[2,1]]]]] 
 Node or Path: [15,[8,[3,1]]] 	 Rest: [[16,[9,[3,1]]],[17,[9,[3,1]]],[18,[11,[4,1]]],[19,[12,[5,[2,1]]]],[20,[13,[6,[2,1]]]]]
 One Path: [15,[8,[3,1]]] Paths Expanded: [[16,[9,[3,1]]],[17,[9,[3,1]]],[18,[11,[4,1]]],[19,[12,[5,[2,1]]]],[20,[13,[6,[2,1]]]]] 
 Node or Path: [16,[9,[3,1]]] 	 Rest: [[17,[9,[3,1]]],[18,[11,[4,1]]],[19,[12,[5,[2,1]]]],[20,[13,[6,[2,1]]]]]
 One Path: [16,[9,[3,1]]] Paths Expanded: [[17,[9,[3,1]]],[18,[11,[4,1]]],[19,[12,[5,[2,1]]]],[20,[13,[6,[2,1]]]]] 
 Node or Path: [17,[9,[3,1]]] 	 Rest: [[18,[11,[4,1]]],[19,[12,[5,[2,1]]]],[20,[13,[6,[2,1]]]]]
 One Path: [17,[9,[3,1]]] Paths Expanded: [[18,[11,[4,1]]],[19,[12,[5,[2,1]]]],[20,[13,[6,[2,1]]]]] 
 Node or Path: [18,[11,[4,1]]] 	 Rest: [[19,[12,[5,[2,1]]]],[20,[13,[6,[2,1]]]]]
 One Path: [18,[11,[4,1]]] Paths Expanded: [[19,[12,[5,[2,1]]]],[20,[13,[6,[2,1]]]],[21,[18,[11,[4,1]]]]] 
 Visiting order: [1,4,11,18,21]
 Size: 5
 Start: 1 	 End: 19 
 Node or Path: 1 	 Rest: []
 One Path: 1 Paths Expanded: [[2,1],[3,1],[4,1]] 
 Node or Path: [2,1] 	 Rest: [[3,1],[4,1]]
 One Path: [2,1] Paths Expanded: [[3,1],[4,1],[5,[2,1]],[6,[2,1]]] 
 Node or Path: [3,1] 	 Rest: [[4,1],[5,[2,1]],[6,[2,1]]]
 One Path: [3,1] Paths Expanded: [[4,1],[5,[2,1]],[6,[2,1]],[7,[3,1]],[8,[3,1]],[9,[3,1]]] 
 Node or Path: [4,1] 	 Rest: [[5,[2,1]],[6,[2,1]],[7,[3,1]],[8,[3,1]],[9,[3,1]]]
 One Path: [4,1] Paths Expanded: [[5,[2,1]],[6,[2,1]],[7,[3,1]],[8,[3,1]],[9,[3,1]],[10,[4,1]],[11,[4,1]]] 
 Node or Path: [5,[2,1]] 	 Rest: [[6,[2,1]],[7,[3,1]],[8,[3,1]],[9,[3,1]],[10,[4,1]],[11,[4,1]]]
 One Path: [5,[2,1]] Paths Expanded: [[6,[2,1]],[7,[3,1]],[8,[3,1]],[9,[3,1]],[10,[4,1]],[11,[4,1]],[12,[5,[2,1]]]] 
 Node or Path: [6,[2,1]] 	 Rest: [[7,[3,1]],[8,[3,1]],[9,[3,1]],[10,[4,1]],[11,[4,1]],[12,[5,[2,1]]]]
 One Path: [6,[2,1]] Paths Expanded: [[7,[3,1]],[8,[3,1]],[9,[3,1]],[10,[4,1]],[11,[4,1]],[12,[5,[2,1]]],[13,[6,[2,1]]],[14,[6,[2,1]]]] 
 Node or Path: [7,[3,1]] 	 Rest: [[8,[3,1]],[9,[3,1]],[10,[4,1]],[11,[4,1]],[12,[5,[2,1]]],[13,[6,[2,1]]],[14,[6,[2,1]]]]
 One Path: [7,[3,1]] Paths Expanded: [[8,[3,1]],[9,[3,1]],[10,[4,1]],[11,[4,1]],[12,[5,[2,1]]],[13,[6,[2,1]]],[14,[6,[2,1]]]] 
 Node or Path: [8,[3,1]] 	 Rest: [[9,[3,1]],[10,[4,1]],[11,[4,1]],[12,[5,[2,1]]],[13,[6,[2,1]]],[14,[6,[2,1]]]]
 One Path: [8,[3,1]] Paths Expanded: [[9,[3,1]],[10,[4,1]],[11,[4,1]],[12,[5,[2,1]]],[13,[6,[2,1]]],[14,[6,[2,1]]],[15,[8,[3,1]]]] 
 Node or Path: [9,[3,1]] 	 Rest: [[10,[4,1]],[11,[4,1]],[12,[5,[2,1]]],[13,[6,[2,1]]],[14,[6,[2,1]]],[15,[8,[3,1]]]]
 One Path: [9,[3,1]] Paths Expanded: [[10,[4,1]],[11,[4,1]],[12,[5,[2,1]]],[13,[6,[2,1]]],[14,[6,[2,1]]],[15,[8,[3,1]]],[16,[9,[3,1]]],[17,[9,[3,1]]]] 
 Node or Path: [10,[4,1]] 	 Rest: [[11,[4,1]],[12,[5,[2,1]]],[13,[6,[2,1]]],[14,[6,[2,1]]],[15,[8,[3,1]]],[16,[9,[3,1]]],[17,[9,[3,1]]]]
 One Path: [10,[4,1]] Paths Expanded: [[11,[4,1]],[12,[5,[2,1]]],[13,[6,[2,1]]],[14,[6,[2,1]]],[15,[8,[3,1]]],[16,[9,[3,1]]],[17,[9,[3,1]]]] 
 Node or Path: [11,[4,1]] 	 Rest: [[12,[5,[2,1]]],[13,[6,[2,1]]],[14,[6,[2,1]]],[15,[8,[3,1]]],[16,[9,[3,1]]],[17,[9,[3,1]]]]
 One Path: [11,[4,1]] Paths Expanded: [[12,[5,[2,1]]],[13,[6,[2,1]]],[14,[6,[2,1]]],[15,[8,[3,1]]],[16,[9,[3,1]]],[17,[9,[3,1]]],[18,[11,[4,1]]]] 
 Node or Path: [12,[5,[2,1]]] 	 Rest: [[13,[6,[2,1]]],[14,[6,[2,1]]],[15,[8,[3,1]]],[16,[9,[3,1]]],[17,[9,[3,1]]],[18,[11,[4,1]]]]
 One Path: [12,[5,[2,1]]] Paths Expanded: [[13,[6,[2,1]]],[14,[6,[2,1]]],[15,[8,[3,1]]],[16,[9,[3,1]]],[17,[9,[3,1]]],[18,[11,[4,1]]],[19,[12,[5,[2,1]]]]] 
 Visiting order: [1,2,5,12,19]
 Size: 5
 Start: 1 	 End: 15 
 Node or Path: 1 	 Rest: []
 One Path: 1 Paths Expanded: [[2,1],[3,1],[4,1]] 
 Node or Path: [2,1] 	 Rest: [[3,1],[4,1]]
 One Path: [2,1] Paths Expanded: [[3,1],[4,1],[5,[2,1]],[6,[2,1]]] 
 Node or Path: [3,1] 	 Rest: [[4,1],[5,[2,1]],[6,[2,1]]]
 One Path: [3,1] Paths Expanded: [[4,1],[5,[2,1]],[6,[2,1]],[7,[3,1]],[8,[3,1]],[9,[3,1]]] 
 Node or Path: [4,1] 	 Rest: [[5,[2,1]],[6,[2,1]],[7,[3,1]],[8,[3,1]],[9,[3,1]]]
 One Path: [4,1] Paths Expanded: [[5,[2,1]],[6,[2,1]],[7,[3,1]],[8,[3,1]],[9,[3,1]],[10,[4,1]],[11,[4,1]]] 
 Node or Path: [5,[2,1]] 	 Rest: [[6,[2,1]],[7,[3,1]],[8,[3,1]],[9,[3,1]],[10,[4,1]],[11,[4,1]]]
 One Path: [5,[2,1]] Paths Expanded: [[6,[2,1]],[7,[3,1]],[8,[3,1]],[9,[3,1]],[10,[4,1]],[11,[4,1]],[12,[5,[2,1]]]] 
 Node or Path: [6,[2,1]] 	 Rest: [[7,[3,1]],[8,[3,1]],[9,[3,1]],[10,[4,1]],[11,[4,1]],[12,[5,[2,1]]]]
 One Path: [6,[2,1]] Paths Expanded: [[7,[3,1]],[8,[3,1]],[9,[3,1]],[10,[4,1]],[11,[4,1]],[12,[5,[2,1]]],[13,[6,[2,1]]],[14,[6,[2,1]]]] 
 Node or Path: [7,[3,1]] 	 Rest: [[8,[3,1]],[9,[3,1]],[10,[4,1]],[11,[4,1]],[12,[5,[2,1]]],[13,[6,[2,1]]],[14,[6,[2,1]]]]
 One Path: [7,[3,1]] Paths Expanded: [[8,[3,1]],[9,[3,1]],[10,[4,1]],[11,[4,1]],[12,[5,[2,1]]],[13,[6,[2,1]]],[14,[6,[2,1]]]] 
 Node or Path: [8,[3,1]] 	 Rest: [[9,[3,1]],[10,[4,1]],[11,[4,1]],[12,[5,[2,1]]],[13,[6,[2,1]]],[14,[6,[2,1]]]]
 One Path: [8,[3,1]] Paths Expanded: [[9,[3,1]],[10,[4,1]],[11,[4,1]],[12,[5,[2,1]]],[13,[6,[2,1]]],[14,[6,[2,1]]],[15,[8,[3,1]]]] 
 Visiting order: [1,3,8,15]
 Size: 4
 Start: 1 	 End: 22 
 Node or Path: 1 	 Rest: []
 One Path: 1 Paths Expanded: [[2,1],[3,1],[4,1]] 
 Node or Path: [2,1] 	 Rest: [[3,1],[4,1]]
 One Path: [2,1] Paths Expanded: [[3,1],[4,1],[5,[2,1]],[6,[2,1]]] 
 Node or Path: [3,1] 	 Rest: [[4,1],[5,[2,1]],[6,[2,1]]]
 One Path: [3,1] Paths Expanded: [[4,1],[5,[2,1]],[6,[2,1]],[7,[3,1]],[8,[3,1]],[9,[3,1]]] 
 Node or Path: [4,1] 	 Rest: [[5,[2,1]],[6,[2,1]],[7,[3,1]],[8,[3,1]],[9,[3,1]]]
 One Path: [4,1] Paths Expanded: [[5,[2,1]],[6,[2,1]],[7,[3,1]],[8,[3,1]],[9,[3,1]],[10,[4,1]],[11,[4,1]]] 
 Node or Path: [5,[2,1]] 	 Rest: [[6,[2,1]],[7,[3,1]],[8,[3,1]],[9,[3,1]],[10,[4,1]],[11,[4,1]]]
 One Path: [5,[2,1]] Paths Expanded: [[6,[2,1]],[7,[3,1]],[8,[3,1]],[9,[3,1]],[10,[4,1]],[11,[4,1]],[12,[5,[2,1]]]] 
 Node or Path: [6,[2,1]] 	 Rest: [[7,[3,1]],[8,[3,1]],[9,[3,1]],[10,[4,1]],[11,[4,1]],[12,[5,[2,1]]]]
 One Path: [6,[2,1]] Paths Expanded: [[7,[3,1]],[8,[3,1]],[9,[3,1]],[10,[4,1]],[11,[4,1]],[12,[5,[2,1]]],[13,[6,[2,1]]],[14,[6,[2,1]]]] 
 Node or Path: [7,[3,1]] 	 Rest: [[8,[3,1]],[9,[3,1]],[10,[4,1]],[11,[4,1]],[12,[5,[2,1]]],[13,[6,[2,1]]],[14,[6,[2,1]]]]
 One Path: [7,[3,1]] Paths Expanded: [[8,[3,1]],[9,[3,1]],[10,[4,1]],[11,[4,1]],[12,[5,[2,1]]],[13,[6,[2,1]]],[14,[6,[2,1]]]] 
 Node or Path: [8,[3,1]] 	 Rest: [[9,[3,1]],[10,[4,1]],[11,[4,1]],[12,[5,[2,1]]],[13,[6,[2,1]]],[14,[6,[2,1]]]]
 One Path: [8,[3,1]] Paths Expanded: [[9,[3,1]],[10,[4,1]],[11,[4,1]],[12,[5,[2,1]]],[13,[6,[2,1]]],[14,[6,[2,1]]],[15,[8,[3,1]]]] 
 Node or Path: [9,[3,1]] 	 Rest: [[10,[4,1]],[11,[4,1]],[12,[5,[2,1]]],[13,[6,[2,1]]],[14,[6,[2,1]]],[15,[8,[3,1]]]]
 One Path: [9,[3,1]] Paths Expanded: [[10,[4,1]],[11,[4,1]],[12,[5,[2,1]]],[13,[6,[2,1]]],[14,[6,[2,1]]],[15,[8,[3,1]]],[16,[9,[3,1]]],[17,[9,[3,1]]]] 
 Node or Path: [10,[4,1]] 	 Rest: [[11,[4,1]],[12,[5,[2,1]]],[13,[6,[2,1]]],[14,[6,[2,1]]],[15,[8,[3,1]]],[16,[9,[3,1]]],[17,[9,[3,1]]]]
 One Path: [10,[4,1]] Paths Expanded: [[11,[4,1]],[12,[5,[2,1]]],[13,[6,[2,1]]],[14,[6,[2,1]]],[15,[8,[3,1]]],[16,[9,[3,1]]],[17,[9,[3,1]]]] 
 Node or Path: [11,[4,1]] 	 Rest: [[12,[5,[2,1]]],[13,[6,[2,1]]],[14,[6,[2,1]]],[15,[8,[3,1]]],[16,[9,[3,1]]],[17,[9,[3,1]]]]
 One Path: [11,[4,1]] Paths Expanded: [[12,[5,[2,1]]],[13,[6,[2,1]]],[14,[6,[2,1]]],[15,[8,[3,1]]],[16,[9,[3,1]]],[17,[9,[3,1]]],[18,[11,[4,1]]]] 
 Node or Path: [12,[5,[2,1]]] 	 Rest: [[13,[6,[2,1]]],[14,[6,[2,1]]],[15,[8,[3,1]]],[16,[9,[3,1]]],[17,[9,[3,1]]],[18,[11,[4,1]]]]
 One Path: [12,[5,[2,1]]] Paths Expanded: [[13,[6,[2,1]]],[14,[6,[2,1]]],[15,[8,[3,1]]],[16,[9,[3,1]]],[17,[9,[3,1]]],[18,[11,[4,1]]],[19,[12,[5,[2,1]]]]] 
 Node or Path: [13,[6,[2,1]]] 	 Rest: [[14,[6,[2,1]]],[15,[8,[3,1]]],[16,[9,[3,1]]],[17,[9,[3,1]]],[18,[11,[4,1]]],[19,[12,[5,[2,1]]]]]
 One Path: [13,[6,[2,1]]] Paths Expanded: [[14,[6,[2,1]]],[15,[8,[3,1]]],[16,[9,[3,1]]],[17,[9,[3,1]]],[18,[11,[4,1]]],[19,[12,[5,[2,1]]]],[20,[13,[6,[2,1]]]]] 
 Node or Path: [14,[6,[2,1]]] 	 Rest: [[15,[8,[3,1]]],[16,[9,[3,1]]],[17,[9,[3,1]]],[18,[11,[4,1]]],[19,[12,[5,[2,1]]]],[20,[13,[6,[2,1]]]]]
 One Path: [14,[6,[2,1]]] Paths Expanded: [[15,[8,[3,1]]],[16,[9,[3,1]]],[17,[9,[3,1]]],[18,[11,[4,1]]],[19,[12,[5,[2,1]]]],[20,[13,[6,[2,1]]]]] 
 Node or Path: [15,[8,[3,1]]] 	 Rest: [[16,[9,[3,1]]],[17,[9,[3,1]]],[18,[11,[4,1]]],[19,[12,[5,[2,1]]]],[20,[13,[6,[2,1]]]]]
 One Path: [15,[8,[3,1]]] Paths Expanded: [[16,[9,[3,1]]],[17,[9,[3,1]]],[18,[11,[4,1]]],[19,[12,[5,[2,1]]]],[20,[13,[6,[2,1]]]]] 
 Node or Path: [16,[9,[3,1]]] 	 Rest: [[17,[9,[3,1]]],[18,[11,[4,1]]],[19,[12,[5,[2,1]]]],[20,[13,[6,[2,1]]]]]
 One Path: [16,[9,[3,1]]] Paths Expanded: [[17,[9,[3,1]]],[18,[11,[4,1]]],[19,[12,[5,[2,1]]]],[20,[13,[6,[2,1]]]]] 
 Node or Path: [17,[9,[3,1]]] 	 Rest: [[18,[11,[4,1]]],[19,[12,[5,[2,1]]]],[20,[13,[6,[2,1]]]]]
 One Path: [17,[9,[3,1]]] Paths Expanded: [[18,[11,[4,1]]],[19,[12,[5,[2,1]]]],[20,[13,[6,[2,1]]]]] 
 Node or Path: [18,[11,[4,1]]] 	 Rest: [[19,[12,[5,[2,1]]]],[20,[13,[6,[2,1]]]]]
 One Path: [18,[11,[4,1]]] Paths Expanded: [[19,[12,[5,[2,1]]]],[20,[13,[6,[2,1]]]],[21,[18,[11,[4,1]]]]] 
 Node or Path: [19,[12,[5,[2,1]]]] 	 Rest: [[20,[13,[6,[2,1]]]],[21,[18,[11,[4,1]]]]]
 One Path: [19,[12,[5,[2,1]]]] Paths Expanded: [[20,[13,[6,[2,1]]]],[21,[18,[11,[4,1]]]]] 
 Node or Path: [20,[13,[6,[2,1]]]] 	 Rest: [[21,[18,[11,[4,1]]]]]
 One Path: [20,[13,[6,[2,1]]]] Paths Expanded: [[21,[18,[11,[4,1]]]]] 
 Node or Path: [21,[18,[11,[4,1]]]] 	 Rest: []
 One Path: [21,[18,[11,[4,1]]]] Paths Expanded: [] 
 >>> The End Node: 22  not found!!!