 Product 1: 
 0 0 300 300 300 300 300 300 300 300 300 300 300 300 300 300 300 300 300 300 300 300 300 300 300 300 300 300 300 0
 Produced: 8100 Demand: 7500
 Product 2: 
 0 0 300 300 300 300 300 300 300 300 300 300 300 300 300 300 300 300 300 300 300 300 300 300 300 300 300 300 300 0
 Produced: 8100 Demand: 7500
 Product 3: 
 0 0 360 360 360 360 360 360 360 360 360 360 360 360 360 360 360 360 360 360 360 360 360 360 360 360 360 360 360 0
 Produced: 9720 Demand: 9000
 Product 4: 
 0 0 360 360 360 360 360 360 360 360 360 360 360 360 360 360 360 360 360 360 360 360 360 360 360 360 360 360 360 0
 Produced: 9720 Demand: 9000
 Product 5: 
 0 0 340 340 340 340 340 340 340 340 340 340 340 340 340 340 340 340 340 340 340 340 340 340 340 340 340 340 340 0
 Produced: 9180 Demand: 8500
 Product 6: 
 0 0 340 340 340 340 340 340 340 340 340 340 340 340 340 340 340 340 340 340 340 340 340 340 340 340 340 340 340 0
 Produced: 9180 Demand: 8500
 Product 7: 
 0 0 340 340 340 340 340 340 340 340 340 340 340 340 340 340 340 340 340 340 340 340 340 340 340 340 340 340 340 0
 Produced: 9180 Demand: 8500
 Product 8: 
 0 0 340 340 340 340 340 340 340 340 340 340 340 340 340 340 340 340 340 340 340 340 340 340 340 340 340 340 340 0
 Produced: 9180 Demand: 8500
 Product 9: 
 0 0 208 0 208 0 208 0 208 0 208 0 208 0 208 0 208 0 208 0 208 0 208 0 208 0 208 0 104 0
 Produced: 2808 Demand: 2588
 Product 10: 
 0 0 0 138 0 138 0 138 0 138 0 138 0 138 0 138 0 138 0 138 0 138 0 138 0 138 0 138 0 0
 Produced: 1794 Demand: 1725
 Product 11: 
 0 0 228 0 228 0 228 0 228 0 228 0 228 0 228 0 228 0 228 0 228 0 228 0 228 0 228 0 114 0
 Produced: 3078 Demand: 2847
 Product 12: 
 0 0 0 208 0 208 0 208 0 208 0 208 0 208 0 208 0 208 0 208 0 208 0 208 0 208 0 208 0 0
 Produced: 2704 Demand: 2588
 Product 13: 
 0 0 0 138 0 138 0 138 0 138 0 138 0 138 0 138 0 138 0 138 0 138 0 138 0 138 0 138 0 0
 Produced: 1794 Demand: 1725
 Product 14: 
 0 0 228 0 228 0 228 0 228 0 228 0 228 0 228 0 228 0 228 0 228 0 228 0 228 0 228 0 114 0
 Produced: 3078 Demand: 2847
 Product 15: 
 0 0 150 150 300 0 150 150 300 0 150 300 0 150 150 300 0 150 150 150 300 0 150 150 300 0 150 150 150 0
 Produced: 4050 Demand: 3750
 Product 16: 
 0 0 160 160 160 160 160 160 160 160 160 160 160 160 160 160 160 160 160 160 160 160 160 160 160 160 160 160 160 0
 Produced: 4320 Demand: 4000
 Product 17: 
 0 18 0 0 0 72 0 0 0 72 0 0 0 72 0 0 0 72 0 0 0 72 0 0 0 72 0 0 0 0
 Produced: 450 Demand: 450
 Product 18: 
 0 54 0 0 72 0 0 0 72 0 0 0 72 0 0 0 72 0 0 0 72 0 0 0 90 0 0 0 0 0
 Produced: 504 Demand: 450
 Product 19: 
 0 0 160 160 160 160 160 160 160 160 160 160 160 160 160 160 160 160 160 160 160 160 160 160 160 160 160 160 160 0
 Produced: 4320 Demand: 4000
 Product 20: 
 0 0 150 300 0 150 150 300 0 150 150 150 300 0 150 150 300 0 150 300 0 150 150 300 0 150 150 150 150 0
 Produced: 4050 Demand: 3750
 NUMBER of SETUPS per DAY:
	 Day 1: 11	 Day 2: 11	 Day 3: 15	 Day 4: 15	 Day 5: 15	 Day 6: 15	 Day 7: 15	 Day 8: 15	 Day 9: 15	 Day 10: 15	 Day 11: 15	 Day 12: 15	 Day 13: 15	 Day 14: 15	 Day 15: 15	 Day 16: 15	 Day 17: 15	 Day 18: 15	 Day 19: 15	 Day 20: 15	 Day 21: 15	 Day 22: 15	 Day 23: 15	 Day 24: 15	 Day 25: 15	 Day 26: 15	 Day 27: 15	 Day 28: 15	 Day 29: 15	 Day 30: 11
=======
Total F_OBJECTIVE:  140564
END SOLVER and MODEL 
Results saved to production_results_ortools_CP.xlsx

 END MAIN 
real	0m22,355s
user	2m40,842s
sys	0m1,016s
