.................................................................................
BY CCS
ccs@gerzat:/home/ccs/Dropbox/CCS/minizinc/job_shop_schedulling$ mzn-gecode job_shop_classic.mzn -d input_jbs_06.dzn
job_start = 
[| 21,  5, 15, 22, 36, 30 |
   13, 21, 30, 40,  0, 26 |
   22, 27, 45, 10, 21, 37 |
    5,  0, 10, 19, 22, 44 |
   27, 17, 40, 50, 10, 36 |
   10, 14, 21,  0, 17, 13 |]
t_end = 54
.................................................................................

BY RALPH
job_task_start :
 [|  5, 18, 25, 31, 42, 49 |
    0,  8, 13, 28, 40, 50 |
    0,  5,  9, 21, 31, 38 |
    8, 13, 22, 27, 30, 45 |
   13, 22, 25, 38, 50, 54 |
   13, 16, 19, 30, 45, 49 |]
t_end = 55

by RALPH ... other search option
job_task_start = 
[|  5,  6, 16, 30, 38, 49 |
    0,  8, 13, 28, 38, 48 |
    0,  5,  9, 18, 27, 42 |
    8, 13, 22, 27, 30, 45 |
   13, 22, 25, 41, 48, 52 |
   13, 16, 19, 28, 38, 42 |]

t_end = 55

job_task_start = 
[|  5,  6, 16, 30, 38, 49 |
    0,  8, 13, 28, 38, 48 |
    0,  5,  9, 18, 27, 42 |
    8, 13, 22, 27, 30, 45 |
   13, 22, 25, 41, 48, 52 |
   13, 16, 19, 28, 38, 42 |]

t_end = 55
----------
==========

----------
==========

----------

BY FELIPE e CCS
ccs@gerzat:/home/ccs/Dropbox/CCS/minizinc/job_shop_schedulling$ mzn-gecode job_shop_FELIPE_e_CCS.mzn -d input_jbs_06.dzn 
job_start = 
[|  5,  6, 16, 30, 40, 49 |
    0,  8, 13, 26, 40, 50 |
    0,  5,  9, 21, 30, 38 |
   11, 16, 22, 27, 30, 43 |
   13, 22, 25, 36, 50, 54 |
    8, 11, 17, 30, 45, 49 |]

job_time = 
[|  1,  3,  6,  7,  3,  6 |
    8,  5, 10, 10, 10,  4 |
    5,  4,  8,  9,  1,  7 |
    5,  5,  5,  3,  8,  9 |
    9,  3,  5,  4,  3,  1 |
    3,  3,  9, 10,  4,  1 |]

job_SEQUENCE = 
[| 2, 0, 1, 3, 5, 4 |
   1, 2, 4, 5, 0, 3 |
   2, 3, 5, 0, 1, 4 |
   1, 0, 2, 3, 4, 5 |
   2, 1, 4, 5, 0, 3 |
   1, 3, 5, 0, 4, 2 |]

job_end = 
[|  6,  9, 22, 37, 43, 55 |
    8, 13, 23, 36, 50, 54 |
    5,  9, 17, 30, 31, 45 |
   16, 21, 27, 30, 38, 52 |
   22, 25, 30, 40, 53, 55 |
   11, 14, 26, 40, 49, 50 |]

tempo de termino = 55
----------
==========



