1
50 50
2660 3271 5079 4487 4167 8833 9615 3083 7864 5029 8764 2852 1985 3153 6533 4977 2890 4335 1493 2791 7387 3170 3474 9638 6169 5275 6616 761 6476 9852 8651 1056 7184 1001 8006 7735 4322 7971 3718 6269 4326 7543 8691 4554 5849 4438 7392 1677 3000 8192
528 8531 4352 892 6364 995 6491 9864 7889 8169 3569 707 4697 7041 1929 3392 8301 7497 7761 8003 2892 2134 3580 8163 8940 6370 2388 2037 8320 9208 67 2473 2749 7380 9502 3224 8405 5523 8707 1604 4384 8059 5190 690 8456 1611 9838 8737 683 4832
1261 448 4613 4343 2138 7848 3747 265 8678 2352 5646 8363 1909 8923 4077 201 6908 4416 5096 3989 6179 4321 6031 7662 2421 3630 7572 9637 302 4095 5418 1806 3920 6160 5354 5514 8100 3334 7597 1209 6009 7320 6106 4386 172 2512 1856 7755 2962 4289
7819 4436 5903 3383 2363 2435 148 4389 3 5743 3891 2504 4969 3511 228 4313 8235 6859 754 2604 845 9325 6700 5615 2359 7402 8053 404 6893 3767 3283 106 6396 8436 932 9487 5862 9546 1174 2768 4652 1035 8644 4279 4025 7000 3146 2387 1287 3201
5334 2693 4754 3119 6166 8132 3837 4471 2483 2959 8494 2631 8449 6204 3232 57 903 9057 5650 8669 5481 5560 4315 2982 8282 2501 6543 8233 400 2394 6412 6457 8612 5407 8277 77 6614 5944 6884 9966 6132 2905 4707 3917 2115 9706 2840 9415 7904 2723
6024 3634 2834 6539 7868 8081 984 9189 6646 3363 9477 1128 2883 9448 1428 4029 5269 6596 5481 1705 8474 8252 5276 5673 163 8280 9852 4095 6859 1483 7214 10 1885 4479 6176 1603 7270 4712 1250 6859 9058 9527 9987 5309 3366 7849 5849 6931 7149 6585
808 2400 5914 6604 9170 4841 9375 5435 6774 1057 5210 503 4225 8147 5314 3073 2472 4721 8921 4015 1062 6671 5868 8126 8972 9286 9214 5594 6153 1397 6126 2735 7299 8562 8412 94 152 7385 9033 7923 3073 1999 8182 2855 4204 9949 4552 6136 2229 6098
9659 1206 9308 6275 4450 3516 3724 1563 8149 4359 4499 4706 5097 6983 5406 6493 2093 8403 2480 8586 1408 2129 2114 8254 7044 8536 1935 3586 1194 3081 8679 121 6772 8936 8967 9708 4472 5617 8072 9520 4817 303 921 6842 9723 5617 8901 1475 4770 7309
3973 7613 7308 2998 1609 4473 8476 1381 2025 5086 9895 7931 1545 8875 7075 5373 1867 8244 1434 1262 6471 5386 8945 4314 5307 3838 6607 8248 8550 9677 4380 2119 1951 6294 123 4539 1565 2278 8280 8943 4539 6354 6007 7332 7315 2956 7303 5109 605 2277
4380 7959 9631 2445 2706 3461 4429 3240 3817 6030 3639 9231 8743 4330 7780 3851 7611 524 4901 7091 1129 3014 3423 817 8417 4263 5708 5850 7068 1925 9517 3408 1278 1342 1163 3574 3110 7912 1994 7325 3094 5077 7174 8253 9838 22 469 5833 7078 4612
320 2382 6347 5589 8640 7390 7896 6911 6562 7730 4365 9202 6319 6247 1263 7642 9958 1104 9884 5796 3968 4798 4579 8086 5645 2016 2859 1491 4733 5986 6408 6692 6609 356 2122 68 6577 9059 4950 7981 113 3739 1620 8590 6171 9927 5191 4335 7942 4202
4284 4008 5774 2328 775 6207 6360 6763 171 7223 1809 4412 2165 6920 7228 9960 8190 9015 1071 7625 1694 7309 9360 6039 5377 8863 9769 6048 3143 6180 1925 1333 6182 8232 5396 3538 7396 1753 8156 1772 1615 7036 4279 6569 4121 6967 1352 7678 4351 3126
33 9336 5551 2374 3784 7457 6519 94 2352 1041 688 2994 5079 1932 1828 8341 8778 9281 45 3451 9498 2669 4122 4720 7924 8361 5904 1549 7707 8397 6036 8021 5007 9327 9678 66 720 966 4030 7860 5521 5702 8014 1428 6469 11 9716 569 2475 4286
3072 2466 3333 8391 5683 8601 372 5031 9560 6691 6241 503 7053 3971 9584 5892 8696 4497 9665 9184 4028 5696 1667 2468 8725 7523 3515 4126 7893 3834 5482 8710 7436 4615 2539 43 7825 4378 7265 5191 2783 8393 1504 2690 5197 7776 5154 1665 1383 9113
6770 1964 7703 5577 4832 550 6100 3969 2374 7051 8779 8469 8816 4948 4635 9270 177 3679 4250 7358 494 7664 4881 1454 1351 5833 9679 2889 6433 6655 3482 7522 683 8308 1129 4567 8361 6144 2812 883 3988 7640 9724 4614 4623 2867 8427 8014 3177 6697
9037 9433 3009 3113 134 5869 3631 7609 6943 1995 7323 224 8487 1170 2416 6037 835 7922 8291 6140 7761 6195 1496 1242 610 4279 1961 8703 8347 3225 5068 3513 7700 6462 7237 3597 9366 281 7397 6633 5019 187 5274 5820 7649 7975 3952 4091 5670 6253
5923 2207 3953 7514 8546 8686 4397 2409 5312 3913 9046 542 6502 61 2403 7815 3148 6941 9868 8272 2880 7621 9947 4186 6384 1132 4537 6199 5790 3250 3508 786 880 9951 5121 1484 739 7968 9349 4518 9024 3375 979 5168 7128 1981 6311 5085 7671 1679
8120 9488 278 8857 4388 5330 6839 9304 1678 2888 7916 4020 6 5276 2481 7374 9013 6001 6839 7056 1366 8456 4056 3090 1653 723 1447 9950 7503 557 5927 4493 3958 7423 3289 1166 8086 6199 4030 3313 9633 1871 4742 8298 4984 3490 3601 3559 5640 3818
627 6848 9025 8291 2211 9620 1609 449 2412 2105 3458 5165 9573 9426 3813 8202 6995 7118 7523 9375 6453 5706 1182 7293 105 2090 5364 6194 2069 2440 239 4696 312 837 3990 195 8997 2346 1308 6069 5101 7278 9861 9349 5112 1347 7975 2593 5003 8750
569 8250 1201 4379 7853 3059 1930 6580 1529 9588 3836 5867 4376 2057 2362 6658 1487 7184 8440 75 2679 8390 7627 5851 1902 3112 8777 5933 9834 8573 2463 2116 14 9226 5068 461 9920 8731 1061 3645 2892 9976 3030 6957 3011 9834 6822 7644 7159 4794
6945 6578 1529 8301 6653 9952 688 5105 2146 945 6401 9202 6508 2758 3822 4879 2757 3670 5934 3368 9156 8801 6317 601 7251 8940 5894 9434 5321 9288 8130 6031 6628 3131 7113 1402 7573 4736 3794 7354 7400 9739 4540 6664 6205 4460 5781 2150 3399 4874
1827 7242 2385 5103 6551 9586 9711 223 1363 6948 2019 7250 2185 563 5480 8421 9217 8028 156 9643 6442 5598 6638 2376 8963 4 3406 3195 1158 1799 6211 9212 2274 6210 5177 881 4639 4857 3314 2403 5743 3514 7978 6812 3890 6033 5466 5442 5971 3479
3852 167 5175 6057 4678 2585 7086 9485 9604 2020 9065 5027 9128 7403 3716 2393 795 2539 2308 304 8261 5208 2717 1285 4071 4810 5500 5694 9303 4327 2055 4467 7598 1901 6578 5788 8815 4173 688 7494 5468 5148 5413 6720 5608 4710 6378 1677 6829 3092
7003 9898 359 1840 8850 5592 8130 9114 5384 5626 8167 8094 4690 4946 9579 4744 7984 3174 3690 6913 7719 5599 1705 65 4268 7289 8252 2705 4284 4658 130 9085 1444 9019 2120 1958 3697 9620 5340 3765 2326 7780 8296 6469 215 7442 4272 7816 5170 8955
612 50 869 5354 876 4268 8715 1345 3468 3708 127 3273 6955 2078 3372 4976 4718 1207 1388 4550 9672 2181 8275 2013 4702 3300 3103 1520 8572 7993 303 2846 6472 7312 1690 4268 5647 1846 2376 1748 5617 8094 3775 8450 956 6220 496 4293 5442 8005
5312 5698 186 8213 6168 6961 1226 169 6184 3718 7408 998 6550 8435 2663 8510 3671 4599 8577 4107 1415 4451 6495 7251 6713 1137 6095 2529 7810 411 6161 1680 8890 9850 3231 9388 9184 7113 6361 2718 1658 319 4884 8539 9709 4253 9133 7142 4102 2252
2434 2388 4223 2459 881 6906 53 2205 6674 367 6256 153 4883 5994 1146 958 2299 7035 6675 366 6092 9631 8614 3692 6401 746 8222 1685 5971 1150 4154 3770 209 7298 5561 9170 7755 1749 1939 3963 1573 5581 6070 7028 2443 5123 7309 6972 8765 6632
1789 127 448 1705 959 344 5442 612 846 8231 4229 4528 1112 1596 7654 1210 7700 1559 452 36 3618 9469 1389 2765 3306 1873 4915 853 6875 8338 5678 5569 16 8345 8155 4951 2861 6219 9188 9803 1090 4727 2590 3916 9471 4930 1218 4991 1851 1037
724 8735 1572 3102 4536 4474 6031 2680 8519 6402 8609 5280 2758 1626 1954 8510 9859 6381 2980 7440 6970 59 9955 1519 7483 6967 2901 2591 4646 3234 5394 7076 9547 67 1545 5098 990 1386 5700 4965 3236 5685 8335 1896 553 9520 5796 3599 5051 863
9351 1143 1125 7034 373 5131 8252 8050 9372 9202 7517 7033 5695 3284 4015 3472 7904 1313 9329 6455 6985 6960 694 9164 3314 3033 1605 7173 705 3378 7585 327 7362 2608 3136 3907 2929 861 3670 5961 1546 9141 3671 4719 9155 9569 941 6976 8471 9564
9330 8648 9406 4162 9891 2144 4148 3303 6099 1277 2776 8531 7101 7109 3120 6293 5660 1728 5537 8377 4072 3110 1190 1022 5776 3882 1242 9330 8358 5745 1811 8967 4002 3006 2892 1779 8039 1458 4698 2394 7877 6964 3043 9947 6920 5106 3454 408 7030 8785
188 7494 3642 1290 7610 1538 3308 6397 8804 2249 5597 6942 2452 2061 2609 3902 9131 7178 195 7980 5529 5149 5265 3251 5934 5983 2845 3295 476 3899 4388 4912 826 7942 5813 1200 9371 5659 3995 5202 1782 8213 9362 1951 6461 2620 7437 8486 668 9998
7062 1949 8144 8291 5305 866 3304 5306 1691 438 4364 4875 9067 9951 4900 9891 2984 6273 8813 1769 8034 320 748 7226 8985 3162 2393 4946 2200 3996 5610 2063 1524 2575 4140 5638 1979 9528 6337 1205 8064 4444 1666 5713 347 3834 62 1236 7145 7465
2250 9368 3663 6776 6580 9438 6920 1315 5476 2477 1815 5992 154 1933 6206 6355 6821 7483 5633 4323 6653 7834 2175 6124 4053 5820 9553 386 838 3991 9737 8171 1865 5052 4182 1196 7819 5154 4727 7537 1199 3828 9734 6804 2410 7540 4464 7509 5398 7952
4359 3079 8639 9181 7649 289 8589 7449 7445 3727 2004 8859 5752 1291 9134 4853 6715 2932 1372 1427 4151 1812 4319 3282 9795 6749 2844 4592 727 8809 1655 8414 9291 4104 1059 5744 7342 753 7897 6297 8659 1416 8676 763 3358 6207 2949 3878 6261 2792
5312 5895 1182 5578 8566 2248 3241 9675 9535 7099 3501 8720 3773 7779 5704 1462 5618 2649 1003 6452 7958 7899 4225 9127 2035 7012 8551 72 2132 1857 4296 7268 2207 4763 3738 5135 9645 3145 4170 5972 1794 5434 2342 9006 6982 6732 5159 1116 7615 9403
5945 8602 3626 6570 5971 3174 8836 4087 9952 3933 4876 670 9308 6946 8738 8962 4276 2451 1629 948 326 8399 5737 32 8238 1647 8872 671 2606 8239 5061 2215 6573 2653 4470 2492 1587 2251 6777 6648 2096 8894 5186 8773 2169 2970 7112 1167 3101 7913
7515 727 1804 5604 1339 3372 6714 447 8108 7046 2513 8111 5371 9439 6037 5654 2785 1045 3401 8683 7912 6589 5057 2485 3244 6580 3305 2378 892 4926 4161 5454 7248 6359 8430 5928 1159 7185 65 8301 6570 3185 7918 2274 998 596 312 2054 9678 8885
4725 493 797 9114 3101 1608 5189 5370 3087 5765 1405 2305 2627 8223 6328 2051 478 4107 7268 6516 743 5287 8857 9963 4497 7365 7364 4225 5405 1813 8364 2105 7820 5496 6635 5839 6731 3049 7072 5494 4852 5476 4116 7997 798 835 8224 3887 9817 7996
6383 5182 2993 7349 4421 9183 3683 5278 4019 420 7354 5143 8960 724 2234 9900 3028 3632 5496 1664 4128 5844 604 1652 5345 3152 2045 9513 3974 8826 7819 4816 6536 1808 1866 1495 5976 7257 8563 586 9732 8860 7994 2177 770 8452 3046 7922 4815 3083
1479 1606 7103 6553 831 6164 3944 311 2460 9642 4220 9504 1822 8233 9170 9321 7790 8350 4374 6880 2392 3665 2057 9826 812 2261 3990 9393 7788 8354 6647 9868 6683 3452 8705 6595 2177 6474 2487 7937 5618 177 7983 3070 4509 6073 9263 2313 9893 7422
4163 1119 3159 4693 4268 8352 3130 1724 2705 6582 1621 9555 5918 4273 2954 2511 8678 6570 8832 4816 5445 5916 7683 4837 263 7002 8372 6239 6816 1174 4969 9773 3259 1780 2603 4634 1563 9714 1411 613 1846 4798 7471 2869 8496 5015 667 4693 6808 173
7994 8418 4997 5433 8095 492 1604 8918 9325 6042 3448 5526 6588 3853 4376 83 2042 4185 3433 3433 5286 8973 6969 8030 9875 2425 2227 3992 2099 8807 8936 7099 1080 5637 2551 6663 2831 2783 8800 9386 3849 8433 4087 1302 2714 728 2492 5290 3170 6780
1356 3140 7277 1490 4497 8047 8834 6733 4002 2084 8232 756 9618 4109 8671 3164 8763 750 9589 116 8789 5850 8873 4843 6644 3883 7568 7730 2200 356 1036 7884 1774 3655 9569 6729 4223 4655 4218 6607 793 242 8734 6105 8927 2322 2718 1583 8937 1662
4737 5679 8253 4966 740 9899 5814 6256 4691 6561 583 9510 3454 5952 9112 5321 1609 8082 2734 300 661 2043 3031 8829 7852 4441 1975 3167 650 1511 6202 9171 3221 1031 6780 4849 9365 7913 9210 4314 9057 8893 1436 395 4978 9136 8773 1132 593 2966
639 86 9157 6095 6068 6690 4197 215 6872 5806 6305 2150 7584 2349 4395 8092 2973 475 5412 5684 2588 361 2868 3581 6072 1181 8974 9943 7929 6361 6636 659 749 5547 1467 2129 6838 6545 1453 7232 4560 2793 1539 9501 3570 1894 3930 1560 3443 8901
6503 9306 2216 1174 2885 2181 6514 1481 4478 7432 1525 3706 1326 9988 1199 3517 3682 2633 9567 8229 1435 6768 6457 9397 7848 8710 2057 9570 7986 479 115 7201 9325 3942 1345 397 1930 8598 6037 9592 4983 7446 240 101 82 436 431 3782 4587 9546
9319 6826 3298 3655 9063 8393 2306 1723 8079 2275 9379 2381 431 7088 3814 3556 5757 7346 4802 8666 1965 453 7252 3329 9039 6495 373 5110 377 9127 7372 4352 674 4022 1222 2753 5880 5888 727 3367 4603 2746 4868 6335 6564 4326 9236 5096 6961 7784
2705 6464 1176 9424 8220 3374 7190 7849 2558 5627 3182 9328 6947 4298 1208 973 4581 1770 4578 5035 9967 7356 6877 8533 2628 5311 5577 9246 8194 3815 3532 3945 9271 7873 6666 1111 702 9006 9779 4817 607 482 7700 2581 8776 2828 6035 7364 4481 7902
349 1657 4963 9693 5161 2453 3192 6065 2390 2922 2298 8430 3028 9563 5588 466 9027 2724 7031 3745 4620 5440 1887 8784 9892 8197 7288 8249 2625 6478 5395 968 19 2037 1371 291 3567 4928 192 131 5683 2646 5854 1938 2323 4993 3571 8456 4503 5386
